-3.141592653589793116e+00
-3.110018858076327941e+00
-3.078445062562862766e+00
-3.046871267049397147e+00
-3.015297471535931972e+00
-2.983723676022466798e+00
-2.952149880509001623e+00
-2.920576084995536448e+00
-2.889002289482070829e+00
-2.857428493968605654e+00
-2.825854698455140479e+00
-2.794280902941675304e+00
-2.762707107428210129e+00
-2.731133311914744510e+00
-2.699559516401279335e+00
-2.667985720887814161e+00
-2.636411925374348986e+00
-2.604838129860883811e+00
-2.573264334347418192e+00
-2.541690538833953461e+00
-2.510116743320487842e+00
-2.478542947807022667e+00
-2.446969152293557492e+00
-2.415395356780092317e+00
-2.383821561266627143e+00
-2.352247765753161524e+00
-2.320673970239696349e+00
-2.289100174726231174e+00
-2.257526379212765999e+00
-2.225952583699300824e+00
-2.194378788185835205e+00
-2.162804992672370030e+00
-2.131231197158904855e+00
-2.099657401645439680e+00
-2.068083606131974506e+00
-2.036509810618508887e+00
-2.004936015105043712e+00
-1.973362219591578537e+00
-1.941788424078113362e+00
-1.910214628564647965e+00
-1.878640833051182790e+00
-1.847067037537717615e+00
-1.815493242024252218e+00
-1.783919446510787044e+00
-1.752345650997321869e+00
-1.720771855483856472e+00
-1.689198059970391297e+00
-1.657624264456925900e+00
-1.626050468943460725e+00
-1.594476673429995550e+00
-1.562902877916530153e+00
-1.531329082403064978e+00
-1.499755286889599581e+00
-1.468181491376134407e+00
-1.436607695862669232e+00
-1.405033900349203835e+00
-1.373460104835738660e+00
-1.341886309322273485e+00
-1.310312513808808088e+00
-1.278738718295342913e+00
-1.247164922781877738e+00
-1.215591127268412341e+00
-1.184017331754947167e+00
-1.152443536241481770e+00
-1.120869740728016595e+00
-1.089295945214551420e+00
-1.057722149701086245e+00
-1.026148354187620626e+00
-9.945745586741554511e-01
-9.630007631606902763e-01
-9.314269676472251014e-01
-8.998531721337599265e-01
-8.682793766202943075e-01
-8.367055811068291327e-01
-8.051317855933639578e-01
-7.735579900798987829e-01
-7.419841945664336080e-01
-7.104103990529684332e-01
-6.788366035395028142e-01
-6.472628080260376393e-01
-6.156890125125724644e-01
-5.841152169991072896e-01
-5.525414214856421147e-01
-5.209676259721764957e-01
-4.893938304587113208e-01
-4.578200349452461460e-01
-4.262462394317809711e-01
-3.946724439183157962e-01
-3.630986484048506213e-01
-3.315248528913850024e-01
-2.999510573779198275e-01
-2.683772618644546526e-01
-2.368034663509894777e-01
-2.052296708375243028e-01
-1.736558753240586839e-01
-1.420820798105935090e-01
-1.105082842971283341e-01
-7.893448878366315924e-02
-4.736069327019798436e-02
-1.578689775673236539e-02
1.578689775673280948e-02
4.736069327019798436e-02
7.893448878366315924e-02
1.105082842971283341e-01
1.420820798105939531e-01
1.736558753240591280e-01
2.052296708375243028e-01
2.368034663509894777e-01
2.683772618644546526e-01
2.999510573779198275e-01
3.315248528913854464e-01
3.630986484048506213e-01
3.946724439183157962e-01
4.262462394317809711e-01
4.578200349452461460e-01
4.893938304587117649e-01
5.209676259721769398e-01
5.525414214856421147e-01
5.841152169991072896e-01
6.156890125125724644e-01
6.472628080260376393e-01
6.788366035395032583e-01
7.104103990529684332e-01
7.419841945664336080e-01
7.735579900798987829e-01
8.051317855933639578e-01
8.367055811068295768e-01
8.682793766202943075e-01
8.998531721337599265e-01
9.314269676472255455e-01
9.630007631606902763e-01
9.945745586741558952e-01
1.026148354187620626e+00
1.057722149701086245e+00
1.089295945214551864e+00
1.120869740728016595e+00
1.152443536241482214e+00
1.184017331754946944e+00
1.215591127268412563e+00
1.247164922781878182e+00
1.278738718295342913e+00
1.310312513808808532e+00
1.341886309322273263e+00
1.373460104835738882e+00
1.405033900349204501e+00
1.436607695862669232e+00
1.468181491376134851e+00
1.499755286889599581e+00
1.531329082403065200e+00
1.562902877916529931e+00
1.594476673429995550e+00
1.626050468943461169e+00
1.657624264456925900e+00
1.689198059970391519e+00
1.720771855483856250e+00
1.752345650997321869e+00
1.783919446510787488e+00
1.815493242024252218e+00
1.847067037537717837e+00
1.878640833051182568e+00
1.910214628564648187e+00
1.941788424078113806e+00
1.973362219591578537e+00
2.004936015105044156e+00
2.036509810618508887e+00
2.068083606131974506e+00
2.099657401645440125e+00
2.131231197158904855e+00
2.162804992672370474e+00
2.194378788185835205e+00
2.225952583699300824e+00
2.257526379212766443e+00
2.289100174726231174e+00
2.320673970239696793e+00
2.352247765753161524e+00
2.383821561266627143e+00
2.415395356780091873e+00
2.446969152293557492e+00
2.478542947807023111e+00
2.510116743320487842e+00
2.541690538833953461e+00
2.573264334347418192e+00
2.604838129860883811e+00
2.636411925374349430e+00
2.667985720887814161e+00
2.699559516401279780e+00
2.731133311914744510e+00
2.762707107428210129e+00
2.794280902941675748e+00
2.825854698455140479e+00
2.857428493968606098e+00
2.889002289482070829e+00
2.920576084995536448e+00
2.952149880509002067e+00
2.983723676022466798e+00
3.015297471535932416e+00
3.046871267049397147e+00
3.078445062562862766e+00
3.110018858076328385e+00
3.141592653589793116e+00
